                                    Input Given....
                                    ++===+===+===++===+===+===++===+===+===++
                                    ||   |   |   ||   | 2 |   ||   | 7 |   ||
                                    ++---+---+---++---+---+---++---+---+---++
                                    ||   |   |   ||   | 3 | 4 ||   |   |   ||
                                    ++---+---+---++---+---+---++---+---+---++
                                    || 3 | 5 | 8 ||   |   |   ||   |   |   ||
                                    ++===+===+===++===+===+===++===+===+===++
                                    || 5 |   | 4 || 8 |   |   ||   |   |   ||
                                    ++---+---+---++---+---+---++---+---+---++
                                    ||   |   |   || 1 |   |   ||   | 8 | 9 ||
                                    ++---+---+---++---+---+---++---+---+---++
                                    ||   |   | 2 ||   |   |   ||   |   | 6 ||
                                    ++===+===+===++===+===+===++===+===+===++
                                    || 2 | 4 |   ||   |   |   || 7 |   |   ||
                                    ++---+---+---++---+---+---++---+---+---++
                                    ||   | 9 |   ||   |   | 5 || 2 |   |   ||
                                    ++---+---+---++---+---+---++---+---+---++
                                    ||   |   |   ||   | 6 | 7 || 1 |   |   ||
                                    ++===+===+===++===+===+===++===+===+===++

                                    Puzzle Solved!
                                    ++===+===+===++===+===+===++===+===+===++
                                    || 4 | 6 | 1 || 5 | 2 | 8 || 9 | 7 | 3 ||
                                    ++---+---+---++---+---+---++---+---+---++
                                    || 7 | 2 | 9 || 6 | 3 | 4 || 8 | 5 | 1 ||
                                    ++---+---+---++---+---+---++---+---+---++
                                    || 3 | 5 | 8 || 7 | 1 | 9 || 6 | 4 | 2 ||
                                    ++===+===+===++===+===+===++===+===+===++
                                    || 5 | 1 | 4 || 8 | 9 | 6 || 3 | 2 | 7 ||
                                    ++---+---+---++---+---+---++---+---+---++
                                    || 6 | 7 | 3 || 1 | 5 | 2 || 4 | 8 | 9 ||
                                    ++---+---+---++---+---+---++---+---+---++
                                    || 9 | 8 | 2 || 4 | 7 | 3 || 5 | 1 | 6 ||
                                    ++===+===+===++===+===+===++===+===+===++
                                    || 2 | 4 | 6 || 9 | 8 | 1 || 7 | 3 | 5 ||
                                    ++---+---+---++---+---+---++---+---+---++
                                    || 1 | 9 | 7 || 3 | 4 | 5 || 2 | 6 | 8 ||
                                    ++---+---+---++---+---+---++---+---+---++
                                    || 8 | 3 | 5 || 2 | 6 | 7 || 1 | 9 | 4 ||
                                    ++===+===+===++===+===+===++===+===+===++